       1981.0417      125.415
       1981.1250      105.920
       1981.2083      107.140
       1981.2917      94.9415
       1981.3750      95.2932
       1981.4583      96.8175
       1981.5417      101.461
       1981.6250      99.1624
       1981.7083      94.7263
       1981.7917      100.222
       1981.8750      99.5731
       1981.9583      115.232
       1982.0417      120.764
       1982.1250      104.973
       1982.2083      104.572
       1982.2917      96.7353
       1982.3750      89.5450
       1982.4583      88.4151
       1982.5417      93.3538
       1982.6250      93.7069
       1982.7083      88.7784
       1982.7917      91.4506
       1982.8750      95.8438
       1982.9583      103.416
       1983.0417      109.808
       1983.1250      95.9954
       1983.2083      102.047
       1983.2917      92.6503
       1983.3750      89.7150
       1983.4583      90.0224
       1983.5417      96.1035
       1983.6250      99.8732
       1983.7083      92.1287
       1983.7917      91.9029
       1983.8750      95.5590
       1983.9583      111.651
       1984.0417      123.068
       1984.1250      105.080
       1984.2083      109.549
       1984.2917      99.4655
       1984.3750      97.1149
       1984.4583      96.6004
       1984.5417      98.8165
       1984.6250      102.199
       1984.7083      92.3669
       1984.7917      96.5541
       1984.8750      99.2773
       1984.9583      107.177
       1985.0417      118.561
       1985.1250      109.634
       1985.2083      104.900
       1985.2917      97.7826
       1985.3750      95.9263
       1985.4583      93.8377
       1985.5417      99.2186
       1985.6250      100.915
       1985.7083      91.7477
       1985.7917      96.6222
       1985.8750      97.1792
       1985.9583      116.659
       1986.0417      119.023
       1986.1250      106.030
       1986.2083      107.940
       1986.2917      96.3769
       1986.3750      96.1893
       1986.4583      96.1216
       1986.5417      102.932
       1986.6250      99.8575
       1986.7083      92.0380
       1986.7917      95.7214
       1986.8750      97.5536
       1986.9583      112.345
       1987.0417      119.037
       1987.1250      107.049
       1987.2083      107.130
       1987.2917      100.264
       1987.3750      98.5374
       1987.4583      101.242
       1987.5417      107.709
       1987.6250      105.753
       1987.7083      97.7900
       1987.7917      102.182
       1987.8750      101.928
       1987.9583      117.436
       1988.0417      125.327
       1988.1250      117.337
       1988.2083      116.203
       1988.2917      102.391
       1988.3750      100.775
       1988.4583      104.129
       1988.5417      108.416
       1988.6250      112.951
       1988.7083      100.552
       1988.7917      105.733
       1988.8750      107.912
       1988.9583      122.163
       1989.0417      121.361
       1989.1250      116.254
       1989.2083      120.047
       1989.2917      105.369
       1989.3750      103.763
       1989.4583      105.268
       1989.5417      107.043
       1989.6250      109.704
       1989.7083      101.675
       1989.7917      106.805
       1989.8750      109.655
       1989.9583      132.410
       1990.0417      122.746
       1990.1250      109.340
       1990.2083      114.350
       1990.2917      106.508
       1990.3750      105.704
       1990.4583      106.493
       1990.5417      110.189
       1990.6250      114.319
       1990.7083      103.900
       1990.7917      108.124
       1990.8750      106.921
       1990.9583      118.863
       1991.0417      126.002
       1991.1250      106.817
       1991.2083      110.832
       1991.2917      101.589
       1991.3750      102.792
       1991.4583      103.242
       1991.5417      109.414
       1991.6250      110.243
       1991.7083      102.593
       1991.7917      107.064
       1991.8750      110.298
       1991.9583      124.685
       1992.0417      123.643
       1992.1250      112.391
       1992.2083      115.641
       1992.2917      107.313
       1992.3750      104.405
       1992.4583      102.899
       1992.5417      111.450
       1992.6250      108.345
       1992.7083      103.919
       1992.7917      107.779
       1992.8750      109.607
       1992.9583      124.742
       1993.0417      122.329
       1993.1250      116.277
       1993.2083      123.060
       1993.2917      107.998
       1993.3750      103.011
       1993.4583      106.569
       1993.5417      115.217
       1993.6250      115.004
       1993.7083      107.155
       1993.7917      110.231
       1993.8750      114.999
       1993.9583      127.230
       1994.0417      136.312
       1994.1250      123.515
       1994.2083      121.063
       1994.2917      110.024
       1994.3750      108.280
       1994.4583      113.292
       1994.5417      115.200
       1994.6250      117.183
       1994.7083      107.732
       1994.7917      110.879
       1994.8750      111.221
       1994.9583      125.615
       1995.0417      128.558
       1995.1250      119.555
       1995.2083      120.902
       1995.2917      109.940
       1995.3750      110.161
       1995.4583      111.919
       1995.5417      117.597
       1995.6250      123.061
       1995.7083      110.968
       1995.7917      112.170
       1995.8750      118.616
       1995.9583      132.156
       1996.0417      137.329
       1996.1250      127.418
       1996.2083      127.377
       1996.2917      114.524
       1996.3750      114.798
       1996.4583      114.760
       1996.5417      120.035
       1996.6250      122.147
       1996.7083      111.548
       1996.7917      119.661
       1996.8750      123.372
       1996.9583      132.981
       1997.0417      139.417
       1997.1250      122.356
       1997.2083      124.946
       1997.2917      117.391
       1997.3750      116.425
       1997.4583      116.245
       1997.5417      126.399
       1997.6250      123.190
       1997.7083      116.626
       1997.7917      121.559
       1997.8750      123.312
       1997.9583      137.464
       1998.0417      136.202
       1998.1250      121.135
       1998.2083      128.815
       1998.2917      118.683
       1998.3750      118.223
       1998.4583      121.305
       1998.5417      129.614
       1998.6250      129.355
       1998.7083      120.138
       1998.7917      120.320
       1998.8750      119.329
       1998.9583      134.279
       1999.0417      139.668
       1999.1250      122.579
       1999.2083      131.109
       1999.2917      120.045
       1999.3750      118.192
       1999.4583      121.018
       1999.5417      130.058
       1999.6250      130.095
       1999.7083      119.297
       1999.7917      122.743
       1999.8750      120.592
       1999.9583      138.318
       2000.0417      140.767
       2000.1250      132.369
       2000.2083      129.489
       2000.2917      118.871
       2000.3750      123.823
       2000.4583      125.037
       2000.5417      128.565
       2000.6250      134.871
       2000.7083      123.482
       2000.7917      126.288
       2000.8750      128.234
       2000.9583      149.502
       2001.0417      147.477
       2001.1250      128.764
       2001.2083      135.043
       2001.2917      121.476
       2001.3750      121.847
       2001.4583      121.362
       2001.5417      131.097
       2001.6250      133.670
       2001.7083      118.213
       2001.7917      122.714
       2001.8750      119.892
       2001.9583      130.979
       2002.0417      138.855
       2002.1250      123.767
       2002.2083      132.424
       2002.2917      122.546
       2002.3750      122.780
       2002.4583      124.521
       2002.5417      133.863
       2002.6250      133.481
       2002.7083      123.027
       2002.7917      125.693
       2002.8750      128.243
       2002.9583      141.214
       2003.0417      147.630
       2003.1250      134.172
       2003.2083      133.698
       2003.2917      121.005
       2003.3750      120.479
       2003.4583      120.739
       2003.5417      132.419
       2003.6250      135.131
       2003.7083      121.775
       2003.7917      125.249
       2003.8750      126.213
       2003.9583      143.151